  1	785		142.37	<.0001	0.71706832
  2	594		83.03	<.0001	0.58288095
  3	792		51.03	<.0001	0.51059725
  4	811		88.25	<.0001	0.41015158
  5	706		71.06	<.0001	0.34256709
  6	129		39.98	<.0001	0.30832609
  7	734		36.21	<.0001	0.28013404
  8	636		32.40	<.0001	0.25698110
  9	747		24.07	<.0001	0.24085683
 10	162		23.75	<.0001	0.22592578
 11	809		21.80	<.0001	0.21299612
 12	133		16.69	<.0001	0.20353376
 13	623		16.59	<.0001	0.19454119
 14	798		16.43	<.0001	0.18601894
 15	797		19.17	<.0001	0.17657456
 16	717		18.97	<.0001	0.16769866
 17	625		16.14	<.0001	0.16046678
 18	638		31.56	<.0001	0.14746818
 19	649		14.27	<.0001	0.14181144
 20	810		14.68	<.0001	0.13622043
 21	729		14.46	<.0001	0.13092322
 22	567		20.23	<.0001	0.12390959
 23	728		19.53	<.0001	0.11748667
 24	416		15.74	<.0001	0.11252545
 25	571		12.63	<.0001	0.10868012
 26	732		13.57	<.0001	0.10469698
 27	704		12.86	<.0001	0.10105050
 28	759		18.93	<.0001	0.09595427
 29	678		23.16	<.0001	0.09009677
 30	746		16.42	<.0001	0.08612477
 31	568		15.78	<.0001	0.08246661
 32	772		14.80	<.0001	0.07917249
 33	745		12.20	<.0001	0.07654604
 34	114		11.21	<.0001	0.07420531
 35	664		9.08	<.0001	0.07235483
 36	584		8.63	<.0001	0.07063669
 37	593		8.30	<.0001	0.06902251
 38	715		12.81	<.0001	0.06661552
 39	122		10.84	<.0001	0.06463962
 40		594	1.55	0.1582	0.06492211
 41	702		10.99	<.0001	0.06296936
 42	805		11.13	<.0001	0.06105149
 43	130		10.58	<.0001	0.05928010
 44	126		12.13	<.0001	0.05731674
 45	793		8.81	<.0001	0.05592373
 46	742		6.84	<.0001	0.05486334
 47	755		8.53	<.0001	0.05357067
 48	730		6.83	<.0001	0.05255529
 49	408		6.74	<.0001	0.05157064
 50	566		6.67	<.0001	0.05061374
 51	652		7.24	<.0001	0.04959641
 52	657		9.45	<.0001	0.04830147
 53	741		10.84	<.0001	0.04685992
 54	754		13.07	<.0001	0.04518349
 55	660		9.24	<.0001	0.04402790
 56	691		7.72	<.0001	0.04308252
 57	323		7.18	<.0001	0.04222044
 58	516		7.03	<.0001	0.04139268
 59	229		5.41	<.0001	0.04076546
 60	216		8.93	<.0001	0.03975526
 61	156		7.42	<.0001	0.03893273
 62	795		5.42	<.0001	0.03834057
 63	666		4.89	<.0001	0.03781370
 64	806		5.62	<.0001	0.03721713
 65	784		5.47	<.0001	0.03664537
 66	192		4.78	<.0001	0.03615230
 67	 89		4.63	0.0001	0.03568093
 68	647		4.50	0.0002	0.03522834
 69	107		4.40	0.0002	0.03479070
 70	486		4.23	0.0003	0.03437495
 71	116		4.16	0.0004	0.03397103
 72	234		4.08	0.0005	0.03357905
 73	610		4.02	0.0005	0.03319662
 74	597		7.78	<.0001	0.03247252
 75	487		4.20	0.0003	0.03208627
 76	542		3.80	0.0009	0.03174026
 77	328		3.67	0.0013	0.03140989
 78	620		3.44	0.0022	0.03110248
 79	662		5.63	<.0001	0.03060721
 80	617		5.33	<.0001	0.03014567
 81	552		5.32	<.0001	0.02969170
 82	604		4.79	<.0001	0.02928788
 83	661		4.31	0.0003	0.02892929
 84	671		5.22	<.0001	0.02850077
 85	663		3.83	0.0008	0.02819013
 86	650		6.79	<.0001	0.02764884
 87	675		7.21	<.0001	0.02708579
 88	658		5.57	<.0001	0.02665785
 89	670		4.20	0.0003	0.02633886
 90	673		6.07	<.0001	0.02588506
 91	643		4.34	0.0002	0.02556476
 92	630		6.22	<.0001	0.02511330
 93	648		4.66	0.0001	0.02477953
 94	779		4.37	0.0002	0.02447034
 95	667		4.42	0.0002	0.02416105
 96	710		4.71	<.0001	0.02383575
 97	723		7.47	<.0001	0.02333094
 98		715	1.06	0.3826	0.02340280
 99	 81		4.29	0.0003	0.02311566
100	674		4.22	0.0003	0.02283646
101	500		4.00	0.0005	0.02257448
102	513		8.44	<.0001	0.02203491
103	607		5.04	<.0001	0.02171702
104	808		3.89	0.0007	0.02147436
105	419		3.94	0.0006	0.02123119
106	777		3.82	0.0009	0.02099829
107	780		5.02	<.0001	0.02069640
108	767		7.39	<.0001	0.02026062
109	757		4.94	<.0001	0.01997362
110	612		4.25	0.0003	0.01972968
111	773		3.53	0.0018	0.01952860
112	771		3.23	0.0036	0.01934623
113	214		3.19	0.0040	0.01916768
114	208		4.68	<.0001	0.01890947
115	646		3.32	0.0029	0.01872783
116	633		3.80	0.0009	0.01852216
117		797	1.57	0.1531	0.01860690
118	555		3.34	0.0028	0.01842723
119	127		3.48	0.0020	0.01824183
120	637		3.07	0.0054	0.01807964
121	656		3.02	0.0061	0.01792126
122	801		3.06	0.0055	0.01776210
123	796		3.26	0.0034	0.01759396
124	783		4.09	0.0004	0.01738548
125		129	1.57	0.1525	0.01746535
126	791		3.80	0.0009	0.01727292
127	109		3.65	0.0013	0.01708994
128	744		3.36	0.0027	0.01692331
129	738		5.62	<.0001	0.01664877
130	804		3.40	0.0024	0.01648439
131		795	1.17	0.3182	0.01654111
132	599		3.31	0.0031	0.01638212
133	580		3.16	0.0044	0.01623165
134	494		3.11	0.0049	0.01608446
135	762		2.98	0.0067	0.01594487
136	523		2.98	0.0067	0.01580643
137	532		3.14	0.0045	0.01566156
138	712		2.90	0.0082	0.01552913
139	621		3.01	0.0062	0.01539263
140	634		10.24	<.0001	0.01494193
141	644		5.39	<.0001	0.01470802
142	631		6.79	<.0001	0.01441913
143	628		5.15	<.0001	0.01420318
144	635		4.60	0.0001	0.01401284
145		487	1.56	0.1564	0.01407719
146	564		4.02	0.0005	0.01391213
147	551		4.93	<.0001	0.01371237
148	641		4.73	<.0001	0.01352316
149	565		4.06	0.0005	0.01336271
150	703		3.02	0.0061	0.01324434
151	716		3.60	0.0015	0.01310456
152		658	1.41	0.2067	0.01315928
153	503		2.98	0.0068	0.01304433
154	770		2.84	0.0093	0.01293548
155		771	1.53	0.1629	0.01299426
156	585		2.88	0.0085	0.01288428
157	 90		2.65	0.0146	0.01278395
158	177		2.75	0.0114	0.01268040
159	164		2.84	0.0092	0.01257433
160		192	1.55	0.1580	0.01263214
161	478		2.63	0.0153	0.01253443
162	146		2.62	0.0156	0.01243772
163	102		2.70	0.0129	0.01233878
164	275		2.61	0.0158	0.01224371
165	382		2.83	0.0095	0.01214152
166	245		2.80	0.0103	0.01204140
167	470		2.79	0.0105	0.01194233
168	390		2.70	0.0130	0.01184723
169	215		2.71	0.0126	0.01175230
170	688		2.66	0.0143	0.01165994
171	595		2.49	0.0211	0.01157410
172	220		2.46	0.0227	0.01148994
173	237		3.34	0.0028	0.01137666
174	344		2.61	0.0159	0.01128860
175	108		2.46	0.0225	0.01120624
176	583		2.41	0.0253	0.01112616
177	472		2.35	0.0291	0.01104862
178	645		2.63	0.0152	0.01096233
179		122	1.52	0.1671	0.01101221
180		133	1.53	0.1633	0.01106269
181	120		2.75	0.0114	0.01097237
182	167		2.20	0.0403	0.01090058
183	605		2.18	0.0427	0.01083007
184	618		3.59	0.0015	0.01071476
185		612	1.44	0.1950	0.01076100
186	606		2.60	0.0163	0.01067785
187	619		3.62	0.0014	0.01056333
188		580	0.93	0.4698	0.01059286
189	609		2.60	0.0163	0.01051091
190		617	1.42	0.2049	0.01055547
191	570		2.40	0.0259	0.01048017
192	415		2.38	0.0268	0.01040584
193	418		3.16	0.0043	0.01030808
194	203		2.42	0.0249	0.01023392
195	586		2.30	0.0321	0.01016362
196		620	1.55	0.1581	0.01021090
197	569		3.75	0.0010	0.01009724
198	197		2.38	0.0273	0.01002571
199	737		2.30	0.0321	0.00995678
200	119		2.21	0.0396	0.00989110
201	128		2.18	0.0423	0.00982670
202	112		2.61	0.0158	0.00974999
203	510		2.20	0.0402	0.00968578
204	639		2.18	0.0418	0.00962246
205	335		2.12	0.0485	0.00956146
206	338		3.09	0.0052	0.00947324
207	731		2.12	0.0478	0.00941295
208	590		2.26	0.0353	0.00934913
209	502		2.62	0.0156	0.00927572
210	529		2.39	0.0263	0.00920917
211	536		2.72	0.0124	0.00913405
212	 80		2.20	0.0405	0.00907371
213	799		2.16	0.0438	0.00901470
214	760		2.26	0.0354	0.00895345
215	786		2.34	0.0296	0.00889045
216	800		2.23	0.0375	0.00883067
217	787		2.85	0.0091	0.00875495
218		744	1.41	0.2087	0.00879226
219	528		2.12	0.0477	0.00873599
220		609	1.35	0.2333	0.00877164
221		604	1.44	0.1964	0.00880985
222	515		3.97	0.0006	0.00870522
223	517		2.79	0.0106	0.00863225
224	182		2.19	0.0417	0.00857538
225	782		2.09	0.0519	0.00852143
226	769		2.47	0.0223	0.00845810
227	629		2.36	0.0282	0.00839786
228	642		3.02	0.0062	0.00832158
229	658		2.58	0.0172	0.00825685
230	632		2.46	0.0228	0.00819563
231	411		2.34	0.0298	0.00813776
232		583	1.43	0.1975	0.00817330
233	303		2.10	0.0506	0.00812143
234	180		2.13	0.0471	0.00806907
235	736		2.31	0.0314	0.00801257
236	125		2.42	0.0248	0.00795393
237	578		2.11	0.0495	0.00790312
238	111		2.18	0.0419	0.00785080
239		119	1.55	0.1570	0.00788802
240	591		2.19	0.0417	0.00783575
241	665		2.06	0.0545	0.00778668
242	576		1.91	0.0753	0.00774144
243	577		2.06	0.0554	0.00769309
244		571	1.55	0.1570	0.00772961
245		660	1.54	0.1620	0.00776592
246	589		2.58	0.0170	0.00770511
247		532	1.53	0.1641	0.00774114
248	580		2.39	0.0263	0.00768498
249		593	1.31	0.2508	0.00771565
250	444		2.30	0.0322	0.00766175
251	582		2.14	0.0459	0.00761190
252	395		1.97	0.0662	0.00756624
253	581		1.92	0.0736	0.00752197
254	522		1.90	0.0776	0.00747851
255	524		5.60	<.0001	0.00735238
256		408	1.51	0.1707	0.00738640
257	518		4.75	<.0001	0.00728054
258	537		3.40	0.0024	0.00720552
259		515	1.08	0.3693	0.00722947
260	527		2.31	0.0316	0.00717865
261	521		3.82	0.0009	0.00709559
262		502	1.01	0.4167	0.00711756
263	534		3.65	0.0013	0.00703880
264	535		3.46	0.0021	0.00696485
265	615		2.65	0.0145	0.00690862
266	602		3.62	0.0014	0.00683266
267		645	1.55	0.1589	0.00686512
268	603		2.84	0.0093	0.00680573
269		595	0.69	0.6613	0.00682005
270	487		2.35	0.0287	0.00677112
271	406		2.10	0.0508	0.00672780
272		395	1.57	0.1527	0.00676019
273	624		2.06	0.0546	0.00671762
274	432		2.00	0.0625	0.00667657
275	616		2.01	0.0618	0.00663565
276	620		1.90	0.0780	0.00659716
277	594		2.38	0.0268	0.00654910
278		577	1.24	0.2846	0.00657402
279		590	1.15	0.3327	0.00659721
280	465		1.97	0.0660	0.00655737
281	100		1.89	0.0788	0.00651941
282	705		1.87	0.0830	0.00648214
283		703	0.66	0.6857	0.00649523
284	 97		1.87	0.0825	0.00645804
285	460		1.91	0.0760	0.00642027
286	104		1.82	0.0912	0.00638442
287	514		1.77	0.1019	0.00634979
288	464		1.79	0.0978	0.00631494
289	795		1.74	0.1086	0.00628125
290	283		1.73	0.1091	0.00624776
291	295		2.22	0.0383	0.00620510
292	351		1.94	0.0709	0.00616807
293	530		1.76	0.1043	0.00613472
294	775		1.79	0.0982	0.00610099
295	279		1.70	0.1179	0.00606909
296	207		1.68	0.1210	0.00603758
297	224		1.72	0.1124	0.00600555
298	241		1.84	0.0879	0.00597147
299	228		1.88	0.0802	0.00593677
300	475		1.74	0.1090	0.00590495
301	239		1.74	0.1090	0.00587328
302		795	1.57	0.1522	0.00590192
303	226		1.90	0.0774	0.00586728
304		234	1.55	0.1595	0.00589546
305	236		1.87	0.0819	0.00586135
306	414		1.77	0.1015	0.00582927
307	322		1.75	0.1054	0.00579768
308	301		2.03	0.0585	0.00576128
309		516	1.57	0.1530	0.00578937
310		529	1.45	0.1932	0.00581541
311	318		1.74	0.1074	0.00578406
312		322	1.29	0.2577	0.00580729
313	572		1.66	0.1269	0.00577746
314	645		1.60	0.1433	0.00574884
315	583		1.58	0.1498	0.00572074
316		570	1.10	0.3594	0.00574035
317		567	1.58	0.1504	0.00576849
318	608		1.72	0.1122	0.00573776
319	595		2.13	0.0472	0.00569997
320		486	1.57	0.1523	0.00572781
321	405		2.27	0.0343	0.00568755
322	520		1.62	0.1380	0.00565901
323	532		3.23	0.0037	0.00560261
324	601		1.80	0.0946	0.00557127
325	613		2.05	0.0559	0.00553582
