   3.3609959e-01
   2.3236515e-01
   1.9917012e-01
   2.3651452e-01
   2.1576763e-01
   2.6556017e-01
   2.3236515e-01
   1.9917012e-01
   3.1535270e-01
   2.7385892e-01
   1.9672131e-01
   2.0746888e-01
   2.5726141e-01
   2.8630705e-01
   1.8672199e-01
   2.4066390e-01
   2.3236515e-01
   2.6970954e-01
   2.9460581e-01
   1.9917012e-01
   1.9262295e-01
   7.3443983e-01
   8.0082988e-01
   8.4232365e-01
   7.7178423e-01
   7.9668050e-01
   8.1327801e-01
   8.1742739e-01
   8.0497925e-01
   8.2157676e-01
   8.0082988e-01
   8.3606557e-01
   0.0000000e+00
   6.6390041e-01
   6.8464730e-01
   6.7634855e-01
   5.6431535e-01
   6.4315353e-01
   6.5145228e-01
   6.0580913e-01
   6.2240664e-01
   6.3900415e-01
   6.5145228e-01
   6.7634855e-01
   6.8879668e-01
   6.1885246e-01
   5.6431535e-01
   6.6804979e-01
   6.5560166e-01
   6.0995851e-01
   6.8879668e-01
   6.0995851e-01
   6.6390041e-01
   5.8921162e-01
   6.3485477e-01
   6.4315353e-01
   7.0954357e-01
   6.6393443e-01
   6.3900415e-01
   6.7634855e-01
   6.6390041e-01
   6.5145228e-01
   6.7219917e-01
   6.9294606e-01
   7.0539419e-01
   6.9294606e-01
   5.8921162e-01
   6.3934426e-01
   4.8547718e-01
   5.8091286e-01
   5.7261411e-01
   5.5186722e-01
   5.8091286e-01
   5.9336100e-01
   5.6431535e-01
   5.5186722e-01
   5.6016598e-01
   5.1452282e-01
   5.3688525e-01
