  1	785		158.32	<.0001	0.71694565
  2	594		100.34	<.0001	0.57340138
  3	792		58.35	<.0001	0.50051179
  4	811		95.67	<.0001	0.40400182
  5	706		83.73	<.0001	0.33412324
  6	649		42.74	<.0001	0.30187843
  7	129		36.43	<.0001	0.27667678
  8	636		34.86	<.0001	0.25449088
  9	753		28.77	<.0001	0.23739910
 10	133		27.39	<.0001	0.22216829
 11	161		23.36	<.0001	0.20989040
 12	809		23.08	<.0001	0.19841688
 13	114		22.13	<.0001	0.18799145
 14	625		18.55	<.0001	0.17963491
 15	638		33.88	<.0001	0.16556502
 16	717		19.09	<.0001	0.15799515
 17	740		16.57	<.0001	0.15168372
 18	584		15.89	<.0001	0.14586117
 19	728		15.90	<.0001	0.14025685
 20	566		33.70	<.0001	0.12930261
 21	798		23.36	<.0001	0.12212875
 22	416		17.36	<.0001	0.11701683
 23	648		13.95	<.0001	0.11304692
 24	623		13.53	<.0001	0.10932355
 25	759		16.80	<.0001	0.10488590
 26	665		21.67	<.0001	0.09945555
 27	746		23.30	<.0001	0.09393862
 28	672		12.30	<.0001	0.09111304
 29	704		12.25	<.0001	0.08838235
 30	772		11.35	<.0001	0.08592153
 31	797		10.78	<.0001	0.08364479
 32	715		10.76	<.0001	0.08143150
 33	793		16.80	<.0001	0.07811510
 34	593		13.38	<.0001	0.07555886
 35	702		12.54	<.0001	0.07323606
 36	122		11.70	<.0001	0.07113038
 37	130		10.45	<.0001	0.06929781
 38	126		14.03	<.0001	0.06691910
 39	810		8.00	<.0001	0.06559021
 40	729		13.86	<.0001	0.06336430
 41	408		9.89	<.0001	0.06181361
 42	805		7.14	<.0001	0.06071383
 43	806		7.32	<.0001	0.05960670
 44	486		6.70	<.0001	0.05860905
 45	516		8.22	<.0001	0.05740971
 46	678		8.02	<.0001	0.05626311
 47	691		8.77	<.0001	0.05503574
 48	597		7.44	<.0001	0.05401428
 49	610		12.27	<.0001	0.05237880
 50	192		6.87	<.0001	0.05147823
 51	578		6.82	<.0001	0.05059945
 52	500		6.90	<.0001	0.04972520
 53	513		7.62	<.0001	0.04877779
 54	581		10.89	<.0001	0.04746019
 55	591		7.00	<.0001	0.04662754
 56	742		6.21	<.0001	0.04589953
 57	755		6.48	<.0001	0.04515244
 58	730		7.58	<.0001	0.04429477
 59	580		6.62	<.0001	0.04355743
 60	576		7.65	<.0001	0.04272148
 61	589		13.18	<.0001	0.04132822
 62	444		6.32	<.0001	0.04067012
 63	571		6.38	<.0001	0.04001650
 64	177		5.77	<.0001	0.03943374
 65	164		8.54	<.0001	0.03858964
 66	156		9.48	<.0001	0.03767396
 67	494		4.79	<.0001	0.03721677
 68	146		4.75	<.0001	0.03676875
 69	154		5.09	<.0001	0.03629469
 70	135		4.70	<.0001	0.03586171
 71	666		4.61	0.0001	0.03544214
 72	732		4.87	<.0001	0.03500445
 73	747		5.08	<.0001	0.03455332
 74	734		8.98	<.0001	0.03377374
 75	799		5.09	<.0001	0.03333702
 76	529		4.88	<.0001	0.03292373
 77	670		4.75	<.0001	0.03252625
 78	663		8.02	<.0001	0.03186820
 79	650		8.49	<.0001	0.03118567
 80	660		6.76	<.0001	0.03065145
 81	658		4.77	<.0001	0.03027911
 82	667		6.00	<.0001	0.02981777
 83	745		4.41	0.0002	0.02948224
 84		666	1.51	0.1701	0.02959733
 85	234		4.42	0.0002	0.02926355
 86	620		4.25	0.0003	0.02894599
 87	111		4.28	0.0003	0.02862915
 88	227		4.13	0.0004	0.02832689
 89	735		3.99	0.0006	0.02803746
 90	748		14.34	<.0001	0.02703459
 91	671		8.74	<.0001	0.02643642
 92	795		5.09	<.0001	0.02609275
 93	796		6.49	<.0001	0.02566153
 94	791		5.38	<.0001	0.02530845
 95	661		5.73	<.0001	0.02493778
 96	733		5.29	<.0001	0.02459992
 97	731		5.04	<.0001	0.02428210
 98	751		5.01	<.0001	0.02397036
 99		192	1.55	0.1594	0.02406654
100	725		5.32	<.0001	0.02373848
101	577		4.62	0.0001	0.02345720
102	643		4.89	<.0001	0.02316283
103	630		6.83	<.0001	0.02275850
104	523		4.50	0.0002	0.02249497
105	741		4.30	0.0003	0.02224598
106	754		4.81	<.0001	0.02197078
107	103		4.13	0.0004	0.02173711
108	536		4.12	0.0004	0.02150616
109	622		4.09	0.0004	0.02127915
110	780		3.81	0.0009	0.02107005
111	712		3.89	0.0007	0.02085821
112	719		4.51	0.0001	0.02061559
113	788		3.62	0.0014	0.02042244
114	709		3.62	0.0014	0.02023115
115	722		4.06	0.0005	0.02001896
116	386		3.47	0.0020	0.01983875
117	258		3.78	0.0009	0.01964458
118	621		3.43	0.0022	0.01946972
119	634		8.22	<.0001	0.01905960
120	635		4.11	0.0004	0.01885647
121	674		3.56	0.0016	0.01868201
122	666		3.44	0.0022	0.01851485
123	590		3.76	0.0010	0.01833418
124	127		3.41	0.0024	0.01817180
125	323		3.37	0.0026	0.01801237
126	 99		3.50	0.0019	0.01784828
127	328		3.48	0.0020	0.01768660
128	767		3.64	0.0013	0.01751900
129	779		6.58	<.0001	0.01722093
130	703		3.52	0.0018	0.01706273
131	724		6.52	<.0001	0.01677492
132	647		3.54	0.0017	0.01662014
133	787		3.39	0.0025	0.01647310
134	586		3.42	0.0023	0.01632586
135	762		3.34	0.0028	0.01618339
136	783		3.33	0.0029	0.01604242
137	804		3.71	0.0011	0.01588674
138	646		3.32	0.0029	0.01574854
139	633		7.74	<.0001	0.01543313
140	645		3.44	0.0022	0.01529412
141		593	1.46	0.1875	0.01535317
142	632		8.06	<.0001	0.01503316
143	710		3.85	0.0008	0.01488171
144	723		9.30	<.0001	0.01452456
145		594	1.26	0.2739	0.01457286
146	639		3.50	0.0019	0.01443919
147	 81		3.27	0.0033	0.01431531
148	641		3.03	0.0059	0.01420142
149	644		4.55	0.0001	0.01403234
150	631		8.48	<.0001	0.01372400
151	628		6.75	<.0001	0.01348297
152	675		3.80	0.0009	0.01334861
153	629		4.11	0.0004	0.01320479
154	642		5.72	<.0001	0.01300727
155	185		3.36	0.0027	0.01289230
156	168		3.09	0.0051	0.01278721
157	113		3.07	0.0054	0.01268385
158	282		3.04	0.0058	0.01258214
159	274		3.55	0.0017	0.01246448
160	220		3.62	0.0014	0.01234548
161	511		3.00	0.0064	0.01224777
162	496		5.05	<.0001	0.01208518
163	492		5.78	<.0001	0.01190201
164	501		3.92	0.0007	0.01177901
165	495		7.84	<.0001	0.01153792
166	488		3.92	0.0007	0.01141845
167	568		3.63	0.0014	0.01130901
168	582		3.92	0.0007	0.01119198
169	542		4.12	0.0004	0.01107013
170	569		3.32	0.0030	0.01097286
171		719	1.54	0.1605	0.01101808
172	655		3.31	0.0030	0.01092139
173	567		3.22	0.0037	0.01082812
174	800		3.36	0.0027	0.01073161
175	226		3.08	0.0053	0.01064398
176	115		3.06	0.0056	0.01055757
177	123		3.69	0.0012	0.01045433
178	693		2.84	0.0094	0.01037550
179	689		3.75	0.0010	0.01027229
180	679		4.00	0.0005	0.01016324
181	690		3.57	0.0016	0.01006673
182	738		2.94	0.0073	0.00998782
183	739		3.92	0.0007	0.00988383
184	752		6.85	<.0001	0.00970523
185	399		2.93	0.0074	0.00962927
186	758		2.75	0.0114	0.00955851
187	245		2.74	0.0117	0.00948844
188	594		2.44	0.0235	0.00942648
189	222		2.40	0.0256	0.00936587
190	414		2.46	0.0226	0.00930426
191	428		2.62	0.0158	0.00923913
192	411		2.71	0.0126	0.00917204
193	564		2.59	0.0166	0.00910834
194	551		3.39	0.0025	0.00902576
195	664		2.59	0.0168	0.00896315
196	532		2.46	0.0226	0.00890401
197	269		2.49	0.0212	0.00884460
198	254		2.97	0.0068	0.00877413
199	579		2.73	0.0120	0.00870978
200	592		5.01	<.0001	0.00859316
201	617		2.41	0.0250	0.00853738
202	432		2.36	0.0280	0.00848308
203	509		2.41	0.0252	0.00842803
204	786		2.28	0.0341	0.00837634
205	773		2.33	0.0299	0.00832363
206	100		2.31	0.0315	0.00827175
207	461		2.25	0.0360	0.00822149
208	498		2.50	0.0206	0.00816608
209	508		2.38	0.0268	0.00811353
210	721		2.30	0.0326	0.00806320
211	708		2.39	0.0261	0.00801102
212	225		2.20	0.0402	0.00796331
213	782		2.19	0.0414	0.00791614
214	777		2.30	0.0322	0.00786683
215	770		2.76	0.0113	0.00780816
216	195		2.20	0.0402	0.00776157
217	214		2.28	0.0338	0.00771361
218		133	1.54	0.1599	0.00774608
219	552		2.17	0.0432	0.00770052
220	565		2.51	0.0201	0.00764817
221	299		2.16	0.0437	0.00760325
222	303		2.33	0.0300	0.00755511
223	249		2.24	0.0369	0.00750915
224	253		4.23	0.0003	0.00742341
225	268		2.44	0.0237	0.00737425
226	187		2.66	0.0141	0.00732088
227		129	1.53	0.1634	0.00735158
228	246		2.72	0.0124	0.00729731
229	119		2.47	0.0221	0.00724835
230	431		2.39	0.0267	0.00720131
231	406		2.05	0.0562	0.00716110
232		227	1.57	0.1509	0.00719197
233	203		2.08	0.0525	0.00715120
234	197		3.26	0.0034	0.00708777
235		135	1.55	0.1587	0.00711784
236	260		2.20	0.0408	0.00707526
237	207		2.32	0.0309	0.00703054
238	331		2.20	0.0406	0.00698840
239	163		2.08	0.0527	0.00694876
240	257		2.10	0.0507	0.00690898
241	148		2.08	0.0524	0.00686971
242	132		2.00	0.0625	0.00683216
243	784		1.91	0.0753	0.00679642
244		805	0.94	0.4654	0.00681398
245	215		1.90	0.0774	0.00677858
246	680		1.83	0.0889	0.00674456
247		693	0.77	0.5939	0.00675884
248	697		1.97	0.0670	0.00672246
249	683		3.42	0.0023	0.00665975
250	757		1.86	0.0842	0.00662583
251	696		2.70	0.0129	0.00657687
252	699		3.08	0.0052	0.00652142
253	698		2.69	0.0133	0.00647344
254	687		2.59	0.0167	0.00642749
255	676		2.20	0.0405	0.00638872
256	693		2.84	0.0093	0.00633896
257	701		3.03	0.0059	0.00628631
258	688		2.24	0.0373	0.00624770
259		675	1.51	0.1701	0.00627381
260	435		2.07	0.0541	0.00623818
261	324		2.39	0.0262	0.00619719
262		486	1.41	0.2058	0.00622139
263	677		2.23	0.0381	0.00618333
264	764		1.97	0.0666	0.00614982
265		683	1.17	0.3174	0.00616979
266	700		1.98	0.0650	0.00613616
267	686		2.17	0.0433	0.00609956
268	685		2.28	0.0339	0.00606132
269	684		2.14	0.0459	0.00602557
270	683		3.71	0.0011	0.00596420
271	662		1.97	0.0672	0.00593186
272	288		1.95	0.0693	0.00589992
273		274	0.26	0.9573	0.00590410
274	292		2.09	0.0510	0.00587001
275	279		2.39	0.0264	0.00583135
276	769		1.94	0.0714	0.00580015
277	808		2.09	0.0515	0.00576667
278	718		1.90	0.0775	0.00573640
279		703	1.38	0.2170	0.00575847
280	651		1.92	0.0742	0.00572792
281	719		1.81	0.0927	0.00569918
282		732	1.55	0.1582	0.00572373
283		161	1.57	0.1516	0.00574872
284	 80		2.12	0.0478	0.00571499
285	737		1.80	0.0946	0.00568647
286		168	1.57	0.1508	0.00571135
287	750		4.36	0.0002	0.00564292
288	470		1.81	0.0935	0.00561467
289		245	1.54	0.1615	0.00563870
290	403		1.94	0.0705	0.00560838
291	417		1.83	0.0888	0.00557990
292	264		1.78	0.0987	0.00555233
293		260	1.51	0.1706	0.00557569
294	267		2.02	0.0596	0.00554447
295	596		1.73	0.1098	0.00551786
296		698	1.15	0.3300	0.00553555
297	598		2.57	0.0173	0.00549613
298		772	1.56	0.1548	0.00552002
299	515		2.27	0.0349	0.00548541
300	517		2.70	0.0131	0.00544450
301	405		2.29	0.0334	0.00541003
302	490		1.82	0.0917	0.00538272
303		154	1.50	0.1753	0.00540520
304	121		2.01	0.0606	0.00537500
305		215	1.56	0.1549	0.00539839
306	487		1.97	0.0664	0.00536886
307		461	1.48	0.1801	0.00539107
308		777	1.56	0.1548	0.00541452
309	 86		1.94	0.0705	0.00538535
310	247		1.80	0.0946	0.00535839
311	483		1.85	0.0863	0.00533090
312	572		1.80	0.0959	0.00530428
313	583		3.27	0.0033	0.00525624
314	624		1.77	0.1006	0.00523031
315	637		1.86	0.0834	0.00520319
316	611		1.86	0.0833	0.00517619
317	507		1.90	0.0778	0.00514886
318	776		1.67	0.1252	0.00512494
319	419		1.63	0.1344	0.00510163
320		432	1.49	0.1793	0.00512285
321	418		2.05	0.0560	0.00509359
322		431	0.27	0.9495	0.00509749
323	284		1.63	0.1355	0.00507436
324	703		1.68	0.1212	0.00505054
325	 83		1.68	0.1227	0.00502691
326	 90		1.68	0.1209	0.00500327
327	777		1.66	0.1278	0.00498012
328	242		1.71	0.1136	0.00495626
329	118		1.67	0.1236	0.00493307
330		632	1.58	0.1502	0.00495491
331	161		1.67	0.1237	0.00493174
332		 80	1.56	0.1549	0.00495335
333	775		1.64	0.1327	0.00493066
334	760		1.72	0.1135	0.00490701
335	133		1.61	0.1413	0.00488495
336	736		1.59	0.1454	0.00486317
