  1	  4		31.94	<.0001	0.51708002
  2	 12		26.58	<.0001	0.29020133
  3	734		15.62	<.0001	0.19847820
  4	873		13.78	<.0001	0.14075005
  5	585		10.24	<.0001	0.10771254
  6	1097		8.25	<.0001	0.08628237
  7	961		11.24	<.0001	0.06436541
  8	916		8.40	<.0001	0.05124316
  9	458		14.56	<.0001	0.03542292
 10	1063		6.74	<.0001	0.02932467
 11	  2		5.80	<.0001	0.02484683
 12	904		5.45	0.0001	0.02123304
 13	1049		7.47	<.0001	0.01719449
 14	1035		6.63	<.0001	0.01421284
 15	870		9.20	<.0001	0.01099236
 16	546		7.42	<.0001	0.00888081
 17	824		6.33	<.0001	0.00737549
 18	1091		6.15	<.0001	0.00614748
 19	925		5.43	0.0001	0.00522106
 20	842		5.14	0.0002	0.00446620
 21	922		4.29	0.0011	0.00391084
 22	362		4.46	0.0008	0.00340472
 23	182		4.35	0.0010	0.00297068
 24	877		3.59	0.0043	0.00264918
 25		1063	1.04	0.3990	0.00274186
 26	393		3.92	0.0023	0.00242134
 27	 94		3.22	0.0087	0.00218236
 28	601		3.23	0.0085	0.00196473
 29	935		3.99	0.0020	0.00172697
 30	1095		4.60	0.0006	0.00148901
 31	1083		3.66	0.0038	0.00132006
 32	419		3.58	0.0045	0.00117241
 33	828		3.29	0.0076	0.00104980
 34	295		3.66	0.0038	0.00092848
 35	852		3.17	0.0097	0.00083354
 36		734	1.39	0.2319	0.00087520
 37	1087		3.44	0.0058	0.00077871
 38	1042		3.93	0.0023	0.00068170
 39	  3		3.29	0.0078	0.00060864
 40	966		4.01	0.0020	0.00053043
 41		585	0.54	0.7480	0.00054090
 42		916	1.23	0.2962	0.00056527
 43	154		3.29	0.0077	0.00050466
 44	551		3.12	0.0107	0.00045275
 45		458	1.51	0.1906	0.00047789
 46	674		3.18	0.0095	0.00042787
 47	715		3.93	0.0024	0.00037355
 48	666		4.20	0.0014	0.00032292
 49	564		3.48	0.0055	0.00028560
 50	776		3.43	0.0060	0.00025276
 51	924		2.95	0.0147	0.00022716
 52	513		3.22	0.0090	0.00020215
 53	815		2.92	0.0157	0.00018160
 54		925	1.59	0.1668	0.00019280
 55	 24		2.66	0.0255	0.00017481
 56	1046		2.70	0.0237	0.00015816
 57	598		2.70	0.0237	0.00014298
 58	 10		2.61	0.0279	0.00012957
 59	 30		3.11	0.0112	0.00011525
 60	482		3.23	0.0089	0.00010197
 61	845		2.51	0.0338	0.00009254
 62	786		2.59	0.0291	0.00008367
 63	733		2.77	0.0210	0.00007508
 64	548		3.00	0.0138	0.00006674
 65	917		2.69	0.0244	0.00005997
 66	1009		3.16	0.0103	0.00005289
 67	1004		2.53	0.0329	0.00004774
 68	1077		3.11	0.0114	0.00004210
 69	613		2.96	0.0151	0.00003731
 70	847		2.87	0.0176	0.00003313
 71		922	1.47	0.2066	0.00003526
 72	 26		2.37	0.0433	0.00003193
 73		1046	1.53	0.1866	0.00003407
 74	1073		2.57	0.0305	0.00003062
 75	953		2.72	0.0232	0.00002733
 76	1011		2.42	0.0400	0.00002467
 77	112		2.72	0.0233	0.00002197
 78	 36		2.59	0.0294	0.00001965
 79	162		2.77	0.0214	0.00001744
 80	691		2.84	0.0190	0.00001541
 81	892		2.50	0.0351	0.00001380
 82	854		2.62	0.0280	0.00001228
 83	487		3.02	0.0139	0.00001074
 84	1053		2.62	0.0282	0.00000954
 85	 45		2.44	0.0393	0.00000853
 86	245		2.55	0.0320	0.00000758
 87	252		2.37	0.0447	0.00000678
 88	608		2.77	0.0220	0.00000596
 89	933		2.86	0.0187	0.00000521
 90	437		2.95	0.0161	0.00000453
 91	466		2.76	0.0223	0.00000396
 92	242		3.16	0.0110	0.00000340
 93	349		2.87	0.0185	0.00000295
 94	332		3.13	0.0116	0.00000253
 95	835		2.58	0.0312	0.00000222
 96	199		2.55	0.0329	0.00000195
 97	340		2.86	0.0191	0.00000169
 98	510		2.47	0.0381	0.00000148
 99	 40		2.28	0.0534	0.00000132
100	412		2.38	0.0450	0.00000116
101	426		2.93	0.0172	0.00000099
102	1017		2.62	0.0297	0.00000086
103	1088		2.78	0.0225	0.00000074
104	903		2.40	0.0441	0.00000065
105	928		2.58	0.0319	0.00000056
106	1002		2.41	0.0429	0.00000049
107	119		2.28	0.0543	0.00000043
108	1022		2.27	0.0554	0.00000038
109	316		2.61	0.0306	0.00000032
110	827		2.69	0.0269	0.00000027
111	306		2.71	0.0261	0.00000023
112	785		2.61	0.0311	0.00000020
113	574		2.55	0.0350	0.00000017
114		786	1.61	0.1667	0.00000019
115	938		2.74	0.0250	0.00000016
116	872		3.05	0.0149	0.00000013
117	741		2.70	0.0273	0.00000011
118	837		2.60	0.0323	0.00000009
119	421		2.73	0.0258	0.00000008
120	830		2.38	0.0473	0.00000007
121	301		2.46	0.0414	0.00000006
122		340	1.68	0.1513	0.00000006
123	 34		2.70	0.0277	0.00000005
124	1043		2.75	0.0254	0.00000004
125	 56		2.73	0.0264	0.00000004
126	151		3.08	0.0147	0.00000003
127	810		3.07	0.0150	0.00000002
128	707		3.24	0.0113	0.00000002
129	485		3.83	0.0043	0.00000001
130	580		3.21	0.0122	0.00000001
131	177		2.89	0.0210	0.00000001
132	209		2.70	0.0290	0.00000001
133	132		2.68	0.0300	0.00000001
134	849		2.72	0.0284	0.00000001
135	 99		2.58	0.0356	0.00000000
136	399		2.75	0.0273	0.00000000
137		845	1.37	0.2489	0.00000000
138	817		2.48	0.0425	0.00000000
139		601	1.49	0.2076	0.00000000
140	590		2.66	0.0317	0.00000000
141	560		2.65	0.0325	0.00000000
142	 69		2.64	0.0329	0.00000000
143	 82		2.61	0.0351	0.00000000
144	 29		2.88	0.0229	0.00000000
145	555		2.50	0.0420	0.00000000
146		938	1.64	0.1666	0.00000000
147		513	1.27	0.2890	0.00000000
148	957		3.10	0.0160	0.00000000
149	471		2.76	0.0280	0.00000000
150	552		2.69	0.0316	0.00000000
151	931		2.85	0.0246	0.00000000
152	320		3.06	0.0177	0.00000000
153		399	1.68	0.1564	0.00000000
154	758		2.82	0.0260	0.00000000
155	1060		2.90	0.0231	0.00000000
156	265		2.49	0.0448	0.00000000
157	274		2.65	0.0351	0.00000000
158	234		2.92	0.0233	0.00000000
159	138		3.03	0.0197	0.00000000
160	544		3.05	0.0194	0.00000000
161	 81		2.62	0.0381	0.00000000
162	1031		2.42	0.0527	0.00000000
163	168		2.63	0.0386	0.00000000
164	 14		3.63	0.0088	0.00000000
165	346		2.59	0.0418	0.00000000
166	408		3.36	0.0135	0.00000000
167	285		3.11	0.0199	0.00000000
168	 53		3.22	0.0173	0.00000000
169	515		3.44	0.0130	0.00000000
170	789		3.06	0.0227	0.00000000
171	1055		4.19	0.0050	0.00000000
172	303		3.24	0.0186	0.00000000
173	214		2.99	0.0269	0.00000000
174	1015		3.70	0.0108	0.00000000
175	793		3.53	0.0138	0.00000000
176	206		3.32	0.0189	0.00000000
177	1034		3.34	0.0191	0.00000000
178	 54		3.19	0.0240	0.00000000
179	150		4.01	0.0092	0.00000000
180	623		4.14	0.0084	0.00000000
181	237		5.35	0.0025	0.00000000
182		957	1.76	0.1641	0.00000000
183		552	1.63	0.1929	0.00000000
184	198		6.80	0.0006	0.00000000
185	989		5.11	0.0032	0.00000000
186	1051		3.76	0.0147	0.00000000
187	169		4.04	0.0115	0.00000000
188		182	1.79	0.1627	0.00000000
189	905		3.43	0.0223	0.00000000
190	190		3.74	0.0169	0.00000000
191	951		3.71	0.0187	0.00000000
192	879		5.13	0.0054	0.00000000
193	557		6.47	0.0021	0.00000000
194	  5		6.56	0.0024	0.00000000
195	406		8.27	0.0011	0.00000000
196	141		7.88	0.0017	0.00000000
197	450		8.03	0.0021	0.00000000
198	579		11.70	0.0006	0.00000000
199		437	1.65	0.2327	0.00000000
200	502		6.38	0.0065	0.00000000
201	911		6.99	0.0063	0.00000000
202	312		10.14	0.0026	0.00000000
203	197		15.11	0.0012	0.00000000
204	 96		16.44	0.0019	0.00000000
205	307		46.79	0.0003	0.00000000
206	102		160.97	0.0001	0.00000000
207	592		64.05	0.0030	0.00000000
208	853		59.53	0.0166	0.00000000
209	507		1224.65	0.0217	0.00000000
