  1	  4		85.30	<.0001	0.44931647
  2	 12		39.36	<.0001	0.28670375
  3	747		37.58	<.0001	0.18580609
  4	 23		26.32	<.0001	0.13449866
  5	1097		20.86	<.0001	0.10321143
  6	961		36.36	<.0001	0.06745972
  7	653		18.21	<.0001	0.05327675
  8	838		13.60	<.0001	0.04442163
  9	500		12.44	<.0001	0.03755205
 10	959		12.69	<.0001	0.03163059
 11	969		11.78	<.0001	0.02693672
 12	585		11.79	<.0001	0.02292772
 13	763		11.73	<.0001	0.01951953
 14	1052		10.86	<.0001	0.01679783
 15	1015		14.73	<.0001	0.01376379
 16	1028		10.32	<.0001	0.01191789
 17	918		10.56	<.0001	0.01028325
 18	1038		11.81	<.0001	0.00872643
 19	721		12.34	<.0001	0.00735227
 20	  2		12.00	<.0001	0.00621848
 21	452		11.62	<.0001	0.00528275
 22	843		11.18	<.0001	0.00451169
 23	858		15.68	<.0001	0.00363707
 24	1047		16.29	<.0001	0.00290839
 25	 11		11.75	<.0001	0.00246205
 26	697		13.05	<.0001	0.00204815
 27	208		9.86	<.0001	0.00177620
 28	873		10.42	<.0001	0.00152807
 29	664		7.29	<.0001	0.00137179
 30	666		8.27	<.0001	0.00121444
 31	937		7.77	<.0001	0.00108225
 32	1087		11.84	<.0001	0.00091191
 33	778		8.01	<.0001	0.00080932
 34	852		10.17	<.0001	0.00069683
 35	921		8.99	<.0001	0.00060961
 36	 89		8.25	<.0001	0.00053865
 37	869		8.20	<.0001	0.00047608
 38	567		7.74	<.0001	0.00042338
 39	708		7.50	<.0001	0.00037767
 40	433		8.71	<.0001	0.00033101
 41	936		7.65	<.0001	0.00029443
 42	209		7.52	<.0001	0.00026230
 43	734		7.16	<.0001	0.00023482
 44	1053		8.15	<.0001	0.00020714
 45	1071		8.71	<.0001	0.00018117
 46	853		8.34	<.0001	0.00015925
 47	717		7.83	<.0001	0.00014098
 48	225		7.28	<.0001	0.00012578
 49	 10		7.34	<.0001	0.00011208
 50	637		6.99	<.0001	0.00010034
 51	770		7.21	<.0001	0.00008951
 52	925		8.26	<.0001	0.00007858
 53	634		6.93	<.0001	0.00007034
 54	1088		7.43	<.0001	0.00006247
 55	281		7.08	<.0001	0.00005576
 56	542		6.80	<.0001	0.00004996
 57	238		6.61	<.0001	0.00004488
 58	149		9.06	<.0001	0.00003883
 59	273		7.65	<.0001	0.00003431
 60	  9		7.02	<.0001	0.00003059
 61	897		6.55	<.0001	0.00002747
 62	1002		6.58	<.0001	0.00002464
 63	627		6.58	<.0001	0.00002210
 64	796		6.91	<.0001	0.00001971
 65	994		6.42	<.0001	0.00001771
 66	1046		6.67	<.0001	0.00001584
 67	765		7.58	<.0001	0.00001397
 68	904		7.90	<.0001	0.00001225
 69	596		6.70	<.0001	0.00001094
 70		653	1.39	0.2274	0.00001121
 71	423		8.74	<.0001	0.00000970
 72	410		7.62	<.0001	0.00000853
 73	434		7.75	<.0001	0.00000749
 74	733		7.81	<.0001	0.00000656
 75	581		7.37	<.0001	0.00000579
 76	863		7.61	<.0001	0.00000509
 77	1061		7.68	<.0001	0.00000446
 78	533		7.54	<.0001	0.00000392
 79	946		7.53	<.0001	0.00000344
 80	332		7.23	<.0001	0.00000304
 81	495		7.54	<.0001	0.00000267
 82	1020		8.52	<.0001	0.00000230
 83	839		7.24	<.0001	0.00000203
 84	1007		7.12	<.0001	0.00000179
 85	728		6.80	<.0001	0.00000159
 86	465		7.14	<.0001	0.00000140
 87	684		8.86	<.0001	0.00000120
 88	 60		9.35	<.0001	0.00000102
 89	1086		8.32	<.0001	0.00000088
 90	958		8.55	<.0001	0.00000075
 91	352		9.99	<.0001	0.00000063
 92	996		6.55	<.0001	0.00000056
 93	291		6.56	<.0001	0.00000050
 94	297		8.72	<.0001	0.00000043
 95	112		7.10	<.0001	0.00000037
 96	356		8.36	<.0001	0.00000032
 97	 95		8.20	<.0001	0.00000028
 98	206		9.16	<.0001	0.00000023
 99	636		7.77	<.0001	0.00000020
100	948		7.69	<.0001	0.00000018
101	349		7.49	<.0001	0.00000015
102	102		8.89	<.0001	0.00000013
103	848		9.08	<.0001	0.00000011
104	338		8.45	<.0001	0.00000009
105	1089		10.04	<.0001	0.00000008
106	992		9.22	<.0001	0.00000007
107	892		11.94	<.0001	0.00000005
108	 99		12.01	<.0001	0.00000004
109	923		9.89	<.0001	0.00000004
110	952		10.00	<.0001	0.00000003
111	1030		10.07	<.0001	0.00000002
112	293		12.42	<.0001	0.00000002
113	1075		11.49	<.0001	0.00000002
114	885		11.38	<.0001	0.00000001
115	614		12.54	<.0001	0.00000001
116	927		11.24	<.0001	0.00000001
117	477		12.32	<.0001	0.00000001
118	330		10.40	<.0001	0.00000001
119	980		11.33	<.0001	0.00000000
120	965		13.75	<.0001	0.00000000
121	258		13.74	<.0001	0.00000000
122	244		15.63	<.0001	0.00000000
123	809		10.82	<.0001	0.00000000
124	663		10.07	<.0001	0.00000000
125	1022		12.34	<.0001	0.00000000
126	840		14.23	<.0001	0.00000000
127	384		15.25	<.0001	0.00000000
128	392		14.65	<.0001	0.00000000
129	1068		15.38	<.0001	0.00000000
130	932		14.54	<.0001	0.00000000
131	 43		18.84	<.0001	0.00000000
132	235		16.53	<.0001	0.00000000
133	1000		15.08	<.0001	0.00000000
134	222		19.56	<.0001	0.00000000
135	138		19.90	<.0001	0.00000000
136	176		20.44	<.0001	0.00000000
137	180		23.52	<.0001	0.00000000
138	703		23.77	<.0001	0.00000000
139	114		21.88	<.0001	0.00000000
140	653		17.62	<.0001	0.00000000
141	405		19.10	<.0001	0.00000000
142	559		23.59	<.0001	0.00000000
143	903		20.54	<.0001	0.00000000
144	854		24.75	<.0001	0.00000000
145	1027		22.45	<.0001	0.00000000
146	899		29.13	<.0001	0.00000000
147	960		27.72	<.0001	0.00000000
148	1059		24.16	<.0001	0.00000000
149	851		29.49	<.0001	0.00000000
150	849		35.23	<.0001	0.00000000
151	917		41.62	<.0001	0.00000000
152	611		38.84	<.0001	0.00000000
153	779		33.37	<.0001	0.00000000
154	916		35.71	<.0001	0.00000000
155	198		41.74	<.0001	0.00000000
156	887		65.53	<.0001	0.00000000
157	746		64.21	<.0001	0.00000000
158	589		69.56	<.0001	0.00000000
159	333		72.21	<.0001	0.00000000
160	376		110.90	<.0001	0.00000000
161	864		123.86	<.0001	0.00000000
162	901		133.87	<.0001	0.00000000
163	 14		115.88	<.0001	0.00000000
164	639		149.29	<.0001	0.00000000
165	1079		147.26	<.0001	0.00000000
166	983		782.33	<.0001	0.00000000
167	890		1207.86	<.0001	0.00000000
168	1018		1671.78	<.0001	0.00000000
169	 13		1118.25	<.0001	0.00000000
170	251		4323.50	<.0001	0.00000000
171		695	-36.39	1.0000	-0.00000000
