  1	  4		85.30	<.0001	0.44931647
  2	 12		39.36	<.0001	0.28670375
  3	747		29.46	<.0001	0.20108377
  4	 10		26.31	<.0001	0.14558271
  5	1096		20.72	<.0001	0.11188742
  6	1097		23.41	<.0001	0.08342399
  7	949		16.20	<.0001	0.06744936
  8	 30		15.68	<.0001	0.05484240
  9	  2		14.65	<.0001	0.04512407
 10	1015		12.44	<.0001	0.03812621
 11	924		13.70	<.0001	0.03170005
 12	931		9.34	<.0001	0.02784280
 13	869		11.32	<.0001	0.02382932
 14	128		9.98	<.0001	0.02073880
 15	921		10.05	<.0001	0.01802628
 16	146		10.74	<.0001	0.01552310
 17	936		10.66	<.0001	0.01337640
 18	519		9.49	<.0001	0.01169895
 19	852		9.86	<.0001	0.01017897
 20	905		11.27	<.0001	0.00869073
 21	817		10.90	<.0001	0.00745276
 22	1094		9.41	<.0001	0.00651562
 23	1000		9.09	<.0001	0.00571813
 24	939		9.99	<.0001	0.00495617
 25	597		8.95	<.0001	0.00435479
 26	204		10.67	<.0001	0.00373770
 27	853		9.63	<.0001	0.00325151
 28	 99		8.13	<.0001	0.00288620
 29	1078		8.65	<.0001	0.00254265
 30	1066		9.40	<.0001	0.00221623
 31	676		8.45	<.0001	0.00195619
 32	  5		7.70	<.0001	0.00174445
 33	1081		7.92	<.0001	0.00155020
 34	1028		10.13	<.0001	0.00133544
 35	674		7.43	<.0001	0.00119412
 36	659		7.00	<.0001	0.00107405
 37	971		7.02	<.0001	0.00096550
 38		924	1.30	0.2616	0.00098570
 39	640		8.01	<.0001	0.00087359
 40	872		8.26	<.0001	0.00077114
 41	1067		21.71	<.0001	0.00057115
 42	585		6.54	<.0001	0.00051650
 43	994		7.29	<.0001	0.00046183
 44	314		7.03	<.0001	0.00041436
 45	 23		7.52	<.0001	0.00036902
 46	 20		7.02	<.0001	0.00033096
 47	959		7.85	<.0001	0.00029313
 48	990		8.03	<.0001	0.00025884
 49	239		7.64	<.0001	0.00022977
 50	947		7.60	<.0001	0.00020402
 51	855		6.81	<.0001	0.00018323
 52	944		7.73	<.0001	0.00016225
 53	710		7.00	<.0001	0.00014519
 54	849		6.86	<.0001	0.00013016
 55	513		7.06	<.0001	0.00011629
 56	307		7.20	<.0001	0.00010364
 57	404		6.89	<.0001	0.00009277
 58	835		7.07	<.0001	0.00008278
 59	734		6.88	<.0001	0.00007405
 60	226		6.91	<.0001	0.00006620
 61	1076		11.23	<.0001	0.00005546
 62	115		7.43	<.0001	0.00004915
 63	217		6.67	<.0001	0.00004405
 64	679		8.67	<.0001	0.00003827
 65	605		7.24	<.0001	0.00003397
 66	1003		6.72	<.0001	0.00003038
 67	1057		6.40	<.0001	0.00002731
 68	873		7.64	<.0001	0.00002406
 69	286		7.21	<.0001	0.00002133
 70	955		6.79	<.0001	0.00001903
 71	875		8.86	<.0001	0.00001643
 72	555		7.22	<.0001	0.00001455
 73	1047		7.75	<.0001	0.00001277
 74	988		8.03	<.0001	0.00001115
 75	1052		7.78	<.0001	0.00000978
 76	 51		8.09	<.0001	0.00000852
 77	998		9.07	<.0001	0.00000731
 78	246		7.20	<.0001	0.00000646
 79	349		7.15	<.0001	0.00000571
 80	 76		6.50	<.0001	0.00000510
 81	209		7.28	<.0001	0.00000449
 82	 17		7.95	<.0001	0.00000391
 83	897		6.91	<.0001	0.00000347
 84	983		8.62	<.0001	0.00000298
 85	996		7.64	<.0001	0.00000261
 86	487		9.42	<.0001	0.00000222
 87	961		7.28	<.0001	0.00000195
 88	1002		7.18	<.0001	0.00000171
 89	860		9.49	<.0001	0.00000145
 90	874		8.24	<.0001	0.00000125
 91	1071		8.11	<.0001	0.00000108
 92	576		12.60	<.0001	0.00000087
 93	815		9.92	<.0001	0.00000073
 94	799		8.09	<.0001	0.00000063
 95	1056		7.56	<.0001	0.00000055
 96	985		8.31	<.0001	0.00000047
 97	1049		8.25	<.0001	0.00000041
 98	828		8.90	<.0001	0.00000035
 99	276		8.83	<.0001	0.00000029
100	434		8.89	<.0001	0.00000025
101	691		8.32	<.0001	0.00000021
102	842		13.55	<.0001	0.00000017
103	915		9.22	<.0001	0.00000014
104	316		10.74	<.0001	0.00000012
105	712		11.00	<.0001	0.00000010
106	480		10.28	<.0001	0.00000008
107	1080		12.81	<.0001	0.00000006
108	408		12.04	<.0001	0.00000005
109	 71		9.63	<.0001	0.00000004
110	957		11.42	<.0001	0.00000003
111	999		10.23	<.0001	0.00000003
112	530		10.53	<.0001	0.00000002
113	1004		9.72	<.0001	0.00000002
114	886		13.20	<.0001	0.00000001
115	929		11.84	<.0001	0.00000001
116	670		15.69	<.0001	0.00000001
117	1012		12.75	<.0001	0.00000001
118	1009		12.12	<.0001	0.00000001
119	964		13.46	<.0001	0.00000000
120	 43		14.38	<.0001	0.00000000
121	215		13.04	<.0001	0.00000000
122	 47		12.43	<.0001	0.00000000
123	997		13.34	<.0001	0.00000000
124	793		13.22	<.0001	0.00000000
125	841		14.44	<.0001	0.00000000
126	167		15.79	<.0001	0.00000000
127	  7		15.37	<.0001	0.00000000
128	866		15.05	<.0001	0.00000000
129	1027		15.49	<.0001	0.00000000
130	336		15.81	<.0001	0.00000000
131	667		26.31	<.0001	0.00000000
132	385		19.15	<.0001	0.00000000
133	1085		20.47	<.0001	0.00000000
134	407		20.08	<.0001	0.00000000
135	1091		18.03	<.0001	0.00000000
136	1077		19.74	<.0001	0.00000000
137	242		19.88	<.0001	0.00000000
138	107		19.43	<.0001	0.00000000
139	984		22.40	<.0001	0.00000000
140	572		28.06	<.0001	0.00000000
141	365		21.18	<.0001	0.00000000
142	704		20.62	<.0001	0.00000000
143	1086		25.24	<.0001	0.00000000
144	1010		25.33	<.0001	0.00000000
145	871		25.94	<.0001	0.00000000
146	545		25.53	<.0001	0.00000000
147	184		27.26	<.0001	0.00000000
148	639		30.37	<.0001	0.00000000
149	952		54.53	<.0001	0.00000000
150	155		36.82	<.0001	0.00000000
151	885		40.17	<.0001	0.00000000
152	111		38.60	<.0001	0.00000000
153	1055		48.07	<.0001	0.00000000
154	435		59.78	<.0001	0.00000000
155	588		51.27	<.0001	0.00000000
156	653		42.20	<.0001	0.00000000
157	393		44.68	<.0001	0.00000000
158	889		92.51	<.0001	0.00000000
159	208		64.60	<.0001	0.00000000
160	181		94.91	<.0001	0.00000000
161	848		84.94	<.0001	0.00000000
162	 49		85.68	<.0001	0.00000000
163	159		199.36	<.0001	0.00000000
164	770		131.87	<.0001	0.00000000
165	397		140.16	<.0001	0.00000000
166	 48		328.99	<.0001	0.00000000
167	384		512.20	<.0001	0.00000000
168	 73		410.71	<.0001	0.00000000
169	293		710.03	<.0001	0.00000000
170	651		3118.88	<.0001	0.00000000
171		 21	-38.09	1.0000	-0.00000000
