  1	  4		85.30	<.0001	0.44931647
  2	 12		39.36	<.0001	0.28670375
  3	734		31.51	<.0001	0.19700033
  4	969		28.00	<.0001	0.14013856
  5	1097		20.73	<.0001	0.10769407
  6	961		26.67	<.0001	0.07754951
  7	825		16.19	<.0001	0.06270458
  8	839		17.08	<.0001	0.05014516
  9	  2		14.27	<.0001	0.04144877
 10	938		21.57	<.0001	0.03144479
 11	848		16.58	<.0001	0.02525091
 12	749		14.31	<.0001	0.02082978
 13	546		12.83	<.0001	0.01749045
 14	959		11.33	<.0001	0.01496088
 15	253		11.19	<.0001	0.01281420
 16	555		9.85	<.0001	0.01116288
 17	942		9.50	<.0001	0.00976527
 18	845		12.85	<.0001	0.00817777
 19	1059		12.62	<.0001	0.00686546
 20	1002		12.33	<.0001	0.00578184
 21	1028		13.37	<.0001	0.00480313
 22	937		10.26	<.0001	0.00415184
 23	998		9.82	<.0001	0.00360814
 24	921		9.41	<.0001	0.00315191
 25	1087		11.07	<.0001	0.00269209
 26	1015		8.55	<.0001	0.00237737
 27	763		9.93	<.0001	0.00205976
 28	731		9.27	<.0001	0.00179999
 29	101		11.41	<.0001	0.00152755
 30	 93		7.74	<.0001	0.00136227
 31	853		7.71	<.0001	0.00121491
 32	1052		7.91	<.0001	0.00108016
 33	261		8.67	<.0001	0.00094991
 34	863		8.12	<.0001	0.00084150
 35	 86		7.67	<.0001	0.00074990
 36	114		11.24	<.0001	0.00063573
 37	698		9.22	<.0001	0.00055392
 38	585		8.98	<.0001	0.00048404
 39	978		8.17	<.0001	0.00042771
 40	213		7.80	<.0001	0.00037977
 41	200		10.09	<.0001	0.00032634
 42	873		7.77	<.0001	0.00028967
 43	269		6.64	<.0001	0.00026131
 44	695		7.08	<.0001	0.00023412
 45	971		7.35	<.0001	0.00020887
 46	407		7.03	<.0001	0.00018715
 47	584		6.91	<.0001	0.00016793
 48	414		6.72	<.0001	0.00015107
 49	427		9.57	<.0001	0.00013029
 50	786		9.31	<.0001	0.00011273
 51	220		6.84	<.0001	0.00010113
 52	285		6.09	<.0001	0.00009172
 53	109		6.66	<.0001	0.00008245
 54	994		6.54	<.0001	0.00007423
 55	1060		6.21	<.0001	0.00006714
 56	846		6.57	<.0001	0.00006037
 57	1039		7.55	<.0001	0.00005345
 58	859		8.56	<.0001	0.00004660
 59	 73		7.27	<.0001	0.00004141
 60	  9		7.34	<.0001	0.00003675
 61	354		7.53	<.0001	0.00003250
 62	1095		7.52	<.0001	0.00002873
 63	568		7.16	<.0001	0.00002554
 64	1042		6.88	<.0001	0.00002279
 65	857		8.15	<.0001	0.00001993
 66	209		6.97	<.0001	0.00001774
 67	 47		7.00	<.0001	0.00001578
 68	1041		6.61	<.0001	0.00001412
 69		1059	1.13	0.3444	0.00001441
 70	849		8.11	<.0001	0.00001259
 71	972		7.15	<.0001	0.00001116
 72	107		6.40	<.0001	0.00001001
 73	789		8.27	<.0001	0.00000872
 74	105		7.08	<.0001	0.00000773
 75	984		7.00	<.0001	0.00000686
 76	927		7.63	<.0001	0.00000602
 77	950		6.66	<.0001	0.00000537
 78	650		6.73	<.0001	0.00000478
 79	 22		8.42	<.0001	0.00000414
 80		 12	0.64	0.6726	0.00000419
 81	274		7.09	<.0001	0.00000371
 82	137		6.66	<.0001	0.00000330
 83	640		9.47	<.0001	0.00000281
 84	1044		8.67	<.0001	0.00000242
 85	462		7.84	<.0001	0.00000211
 86	996		7.02	<.0001	0.00000186
 87	911		7.03	<.0001	0.00000165
 88	822		6.91	<.0001	0.00000146
 89	866		6.69	<.0001	0.00000129
 90	 34		8.51	<.0001	0.00000111
 91	868		7.18	<.0001	0.00000098
 92	1023		7.74	<.0001	0.00000085
 93	812		7.26	<.0001	0.00000075
 94	675		7.70	<.0001	0.00000065
 95	513		9.42	<.0001	0.00000055
 96	614		8.02	<.0001	0.00000048
 97	653		9.25	<.0001	0.00000040
 98	108		9.43	<.0001	0.00000034
 99	898		10.24	<.0001	0.00000028
100	724		9.14	<.0001	0.00000024
101	779		8.59	<.0001	0.00000021
102	766		13.38	<.0001	0.00000016
103	193		12.36	<.0001	0.00000013
104	278		8.44	<.0001	0.00000011
105	 99		10.05	<.0001	0.00000009
106	281		9.42	<.0001	0.00000008
107	294		11.00	<.0001	0.00000006
108	1010		12.05	<.0001	0.00000005
109	371		10.43	<.0001	0.00000004
110	 77		11.85	<.0001	0.00000003
111	874		10.57	<.0001	0.00000003
112	465		10.39	<.0001	0.00000002
113	747		12.06	<.0001	0.00000002
114	842		11.85	<.0001	0.00000001
115	981		11.13	<.0001	0.00000001
116	915		9.59	<.0001	0.00000001
117	167		11.34	<.0001	0.00000001
118	637		11.32	<.0001	0.00000001
119	856		11.77	<.0001	0.00000001
120	 57		11.40	<.0001	0.00000000
121	627		11.19	<.0001	0.00000000
122	430		11.69	<.0001	0.00000000
123	696		12.93	<.0001	0.00000000
124	319		12.80	<.0001	0.00000000
125	459		13.89	<.0001	0.00000000
126	847		11.05	<.0001	0.00000000
127	298		12.81	<.0001	0.00000000
128	361		15.11	<.0001	0.00000000
129	816		12.90	<.0001	0.00000000
130	494		18.26	<.0001	0.00000000
131	 96		14.90	<.0001	0.00000000
132	1074		15.32	<.0001	0.00000000
133	621		15.79	<.0001	0.00000000
134	924		15.79	<.0001	0.00000000
135	331		16.02	<.0001	0.00000000
136	174		15.51	<.0001	0.00000000
137	576		16.55	<.0001	0.00000000
138	934		27.74	<.0001	0.00000000
139	1013		18.72	<.0001	0.00000000
140	1076		18.45	<.0001	0.00000000
141	1012		18.98	<.0001	0.00000000
142	273		21.86	<.0001	0.00000000
143	158		16.84	<.0001	0.00000000
144	792		20.24	<.0001	0.00000000
145	 32		22.79	<.0001	0.00000000
146	979		24.36	<.0001	0.00000000
147	386		25.13	<.0001	0.00000000
148	128		24.23	<.0001	0.00000000
149	843		26.63	<.0001	0.00000000
150	296		28.04	<.0001	0.00000000
151	992		34.92	<.0001	0.00000000
152	888		33.51	<.0001	0.00000000
153	748		51.35	<.0001	0.00000000
154	664		44.75	<.0001	0.00000000
155	333		39.62	<.0001	0.00000000
156	685		43.35	<.0001	0.00000000
157	327		44.23	<.0001	0.00000000
158	246		51.44	<.0001	0.00000000
159	879		68.04	<.0001	0.00000000
160	148		61.85	<.0001	0.00000000
161	342		134.23	<.0001	0.00000000
162	346		85.19	<.0001	0.00000000
163	365		135.40	<.0001	0.00000000
164	643		195.94	<.0001	0.00000000
165	862		152.54	<.0001	0.00000000
166	570		165.37	<.0001	0.00000000
167	270		182.12	<.0001	0.00000000
168	852		167.95	<.0001	0.00000000
169	1017		270.45	<.0001	0.00000000
170	520		972.10	<.0001	0.00000000
171	 92		1601.71	<.0001	0.00000000
172	577		6451.25	<.0001	0.00000000
173		413	-56.85	1.0000	-0.00000000
