  1	  4		85.30	<.0001	0.44931647
  2	 12		39.36	<.0001	0.28670375
  3	747		32.05	<.0001	0.19594816
  4	969		26.55	<.0001	0.14150461
  5	890		23.63	<.0001	0.10532949
  6	845		22.89	<.0001	0.07897537
  7	1097		22.77	<.0001	0.05924857
  8	  2		28.00	<.0001	0.04200201
  9	749		19.32	<.0001	0.03270801
 10	961		14.41	<.0001	0.02697353
 11	841		12.86	<.0001	0.02266230
 12	873		13.84	<.0001	0.01880190
 13	1063		13.17	<.0001	0.01572031
 14	959		11.69	<.0001	0.01338449
 15	825		10.66	<.0001	0.01154183
 16	852		9.91	<.0001	0.01004622
 17	1018		11.24	<.0001	0.00859155
 18	778		10.06	<.0001	0.00745838
 19	921		11.13	<.0001	0.00638190
 20	1028		10.44	<.0001	0.00550803
 21	546		9.17	<.0001	0.00483271
 22	668		11.66	<.0001	0.00410160
 23	776		8.12	<.0001	0.00364732
 24	1035		9.62	<.0001	0.00317718
 25	870		11.23	<.0001	0.00270773
 26	861		11.24	<.0001	0.00230649
 27	109		10.39	<.0001	0.00198613
 28	596		8.69	<.0001	0.00174933
 29	640		8.03	<.0001	0.00155436
 30	898		10.76	<.0001	0.00133012
 31	872		10.02	<.0001	0.00114911
 32	1067		11.20	<.0001	0.00097663
 33	736		8.76	<.0001	0.00085773
 34	754		9.98	<.0001	0.00074043
 35	473		7.60	<.0001	0.00066047
 36	 86		8.91	<.0001	0.00057817
 37	406		8.28	<.0001	0.00051044
 38	812		7.16	<.0001	0.00045778
 39	357		7.30	<.0001	0.00040953
 40	337		7.48	<.0001	0.00036533
 41	925		6.48	<.0001	0.00033055
 42	868		6.71	<.0001	0.00029800
 43	931		6.14	<.0001	0.00027083
 44	766		6.34	<.0001	0.00024535
 45	257		5.73	<.0001	0.00022423
 46	261		5.60	<.0001	0.00020525
 47	180		5.61	<.0001	0.00018779
 48	666		6.13	<.0001	0.00017043
 49	443		5.79	<.0001	0.00015543
 50	  5		6.72	<.0001	0.00013973
 51	480		5.69	<.0001	0.00012754
 52	420		7.62	<.0001	0.00011304
 53	433		7.13	<.0001	0.00010090
 54	150		6.92	<.0001	0.00009031
 55	572		6.92	<.0001	0.00008080
 56	780		6.82	<.0001	0.00007238
 57	560		7.07	<.0001	0.00006457
 58	205		8.11	<.0001	0.00005667
 59	547		8.78	<.0001	0.00004922
 60	928		7.67	<.0001	0.00004345
 61	737		7.30	<.0001	0.00003856
 62	1057		7.68	<.0001	0.00003401
 63	946		10.77	<.0001	0.00002862
 64	875		7.94	<.0001	0.00002512
 65	721		7.92	<.0001	0.00002205
 66	123		10.50	<.0001	0.00001860
 67		754	1.49	0.1920	0.00001909
 68	  7		8.56	<.0001	0.00001658
 69	272		8.14	<.0001	0.00001449
 70	 20		9.09	<.0001	0.00001247
 71	1010		7.12	<.0001	0.00001107
 72	  3		7.01	<.0001	0.00000983
 73	440		7.12	<.0001	0.00000871
 74	451		9.25	<.0001	0.00000747
 75	618		6.90	<.0001	0.00000664
 76	947		8.78	<.0001	0.00000572
 77	500		9.02	<.0001	0.00000491
 78	489		6.86	<.0001	0.00000437
 79	 99		7.05	<.0001	0.00000386
 80	1076		7.03	<.0001	0.00000342
 81	137		8.18	<.0001	0.00000297
 82	882		7.62	<.0001	0.00000260
 83	 34		8.74	<.0001	0.00000224
 84	117		7.37	<.0001	0.00000197
 85	724		7.94	<.0001	0.00000171
 86	948		8.36	<.0001	0.00000148
 87	132		9.31	<.0001	0.00000126
 88	423		8.22	<.0001	0.00000109
 89	629		8.02	<.0001	0.00000094
 90	227		8.19	<.0001	0.00000081
 91	277		8.30	<.0001	0.00000070
 92	384		9.64	<.0001	0.00000059
 93	414		8.28	<.0001	0.00000051
 94	265		8.04	<.0001	0.00000044
 95	1087		8.52	<.0001	0.00000038
 96	1055		9.22	<.0001	0.00000032
 97	874		9.21	<.0001	0.00000027
 98	1064		11.48	<.0001	0.00000022
 99	373		8.58	<.0001	0.00000019
100	303		8.79	<.0001	0.00000016
101	243		8.23	<.0001	0.00000014
102	389		7.97	<.0001	0.00000012
103	1056		7.90	<.0001	0.00000010
104	528		8.87	<.0001	0.00000009
105	222		7.64	<.0001	0.00000008
106	704		8.90	<.0001	0.00000006
107	1044		9.06	<.0001	0.00000005
108	682		8.56	<.0001	0.00000005
109	237		9.32	<.0001	0.00000004
110	1053		10.38	<.0001	0.00000003
111	1061		9.61	<.0001	0.00000003
112	 51		9.72	<.0001	0.00000002
113	857		9.47	<.0001	0.00000002
114	937		12.24	<.0001	0.00000001
115	1080		11.77	<.0001	0.00000001
116	429		10.22	<.0001	0.00000001
117	 38		10.28	<.0001	0.00000001
118	943		10.50	<.0001	0.00000001
119	768		10.32	<.0001	0.00000001
120	310		13.13	<.0001	0.00000000
121	941		11.03	<.0001	0.00000000
122	862		12.72	<.0001	0.00000000
123	575		11.34	<.0001	0.00000000
124	382		13.95	<.0001	0.00000000
125	184		18.04	<.0001	0.00000000
126	775		16.24	<.0001	0.00000000
127	229		13.94	<.0001	0.00000000
128	582		14.26	<.0001	0.00000000
129	111		13.97	<.0001	0.00000000
130	297		17.01	<.0001	0.00000000
131	973		15.98	<.0001	0.00000000
132	742		13.91	<.0001	0.00000000
133	504		13.89	<.0001	0.00000000
134	392		16.02	<.0001	0.00000000
135	877		15.13	<.0001	0.00000000
136	1037		18.57	<.0001	0.00000000
137	371		21.25	<.0001	0.00000000
138	1048		20.87	<.0001	0.00000000
139	967		19.38	<.0001	0.00000000
140	558		18.55	<.0001	0.00000000
141	467		18.64	<.0001	0.00000000
142	1030		24.73	<.0001	0.00000000
143	323		20.93	<.0001	0.00000000
144	955		22.36	<.0001	0.00000000
145	723		32.11	<.0001	0.00000000
146	659		28.87	<.0001	0.00000000
147	434		43.14	<.0001	0.00000000
148	945		30.71	<.0001	0.00000000
149	957		45.04	<.0001	0.00000000
150	604		31.08	<.0001	0.00000000
151	614		41.68	<.0001	0.00000000
152	885		75.94	<.0001	0.00000000
153	230		38.01	<.0001	0.00000000
154	927		37.53	<.0001	0.00000000
155	621		43.55	<.0001	0.00000000
156	799		45.50	<.0001	0.00000000
157	347		102.89	<.0001	0.00000000
158	 60		66.37	<.0001	0.00000000
159	 31		75.20	<.0001	0.00000000
160	1000		64.06	<.0001	0.00000000
161	548		68.38	<.0001	0.00000000
162	439		85.01	<.0001	0.00000000
163	 49		96.22	<.0001	0.00000000
164	869		259.22	<.0001	0.00000000
165	655		153.53	<.0001	0.00000000
166	185		495.81	<.0001	0.00000000
167	313		360.51	<.0001	0.00000000
168	 78		1319.61	<.0001	0.00000000
169	665		1458.26	<.0001	0.00000000
170		240	-38.47	1.0000	-0.00000000
